002895
300543
603895
600063
603311
300597
002639
600278
600352
300739
002376
300687
603969
603938
300352
300693
600860
002099
603380
002544
300711
603612
002640
002341
002905
603726
603558
300414
603161
600271
603656
002444
300353
002506
002042
603516
600012
002514
000065
300034
600520
300665
600247
000530
300243
000600
603980
002416
600718
600626
000868
002491
603729
603300
600128
600137
601008
600856
603118
300508
300488
000672
600569
002711
002499
002052
300447
300557
300276
300256
603680
600677
002712
601233
300486
002046
002367
300520
600125
300215
600508
300678
300103
600978
002902
002090
300436
300692
603768
300286
600481
600070
000545
603889
300438
603330
000738
300019
300011
603900
603199
600272
300208
603337
002265
000680
002347
300740
002606
601368
603588
600112
002659
601238
002159
300147
000988
300608
002533
600722
300637
300609
002176
002283
600243
002774
600260
603869
002331
000655
603518
000783
000958
300431
002031
300283
001896
000520
000682
300535
600277
300117
000536
300278
002546
300421
603809
600808
000768
600676
002015
002280
600909
603015
002681
601928
002867
000923
002175
002488
601218
300008
000516
300195
601717
002562
300378
300002
300110
000828
002805
600369
601636
600829
601788
300193
603758
603929
300424
600590
300075
002097
600239
600406
000815
002513
600892
000835
300089
601992
603877
002926
002541
000919
002276
000587
601177
002736
000509
601669
300131
600390
000687
601226
000875
000503
600664
600289
002518
002817
600103
000990
601106
600651
000728
002759
600425
600599
600290
002673
002482
002231
600353
300052
600368
000419
600225
000605
600802
600821
600379
603389
002542
600820
300270
300532
300420
300258
002319
002118
601800
600749
000627
603113
601718
600258
600966
600530
300004
000719
600373
603268
600381
002730
300443
603861
600771
300144
600182
603188
600973
600753
600734
600568
600439
600400
600255
600241
300549
300332
002729
002707
002447
002369
002359
002354
002350
002270
002259
002256
002247
002210
002204
002168
002147
002098
002071
000890
000766
000669
000659
000551
000540
000526
002003
600249
600681
603313
600129
300031
002476
600306
000611
000663
300633
002684
002370
300583
002547
000425
600967
300490
600315
600358
002419
002672
600122
002656
600083
002358
000560
000595
600080
600333
300422
300149
002310
000673
300745